44 44 44 44 44 44 44 44 44 44 44 44 44 44 44 44 44 44 44 44 44 44 44 44 44 44 44 44 44 44 44 44 44 44 44 44 44 44 44 44 44 44 44 44 44 44 44 44 44 44 44 44 44 44 44 44 44 44 44 44 44 44 44 44 44 44 44 44 44 44 44 44 44 44 44 44 44 44 44 44 44 44 44 44 44 44 44 44 44 44 44 44 44 44 44 44 44 44 44 44
44 12 12 10 12 12 12 12 12 10 10 12 10 10 12 12 12 10 10 12 12 12 10 12 12 12 12 12 10 10 12 12 12 10 12 12 12 12 12 10 12 10 10 10 12 12 12 10 12 12 12 10 12 12 12 12 12 12 10 12 10 12 12 12 10 12 12 12 12 10 12 10 10 10 10 12 12 12 12 12 12 12 12 12 12 10 10 12 12 12 10 12 12 10 12 12 10 12 10 44
44 10 12 10 12 10 12 12 10 10 12 12 12 10 12 12 12 12 10 12 12 12 10 10 12 12 10 10 10 12 12 12 10 12 12 12 10 12 10 12 10 10 12 12 10 10 12 12 10 12 12 10 12 12 12 12 12 10 10 12 10 12 12 12 12 12 12 12 12 12 12 10 12 10 12 12 12 10 10 10 12 10 10 12 12 12 12 10 12 12 12 12 12 12 12 12 10 10 12 44
44 12 12 12 12 12 12 10 12 12 10 12 12 10 12 10 12 10 10 12 12 12 12 12 12 10 12 10 10 12 12 12 12 12 12 10 12 12 12 12 12 12 12 12 10 12 12 10 12 12 12 12 10 10 12 12 12 10 12 12 10 10 12 12 12 12 12 12 12 10 10 12 12 12 12 12 10 12 12 10 10 10 12 12 12 12 12 12 12 10 12 12 12 12 12 10 10 12 10 44
44 10 12 12 12 12 12 12 12 10 12 12 12 12 12 10 12 12 12 10 12 10 12 12 10 12 10 12 12 12 10 10 12 12 10 12 12 10 12 12 12 10 12 12 12 12 12 12 12 12 10 12 12 10 12 10 10 12 10 12 12 10 12 10 12 10 12 12 12 10 12 10 12 12 10 12 10 10 12 12 10 10 10 12 10 12 12 12 12 12 12 12 12 12 12 12 10 10 10 44
44 10 12 12 12 12 10 12 12 10 10 12 12 10 10 12 10 10 10 10 12 12 12 12 12 12 10 12 10 12 12 12 12 12 10 10 10 12 12 10 12 12 12 12 10 12 10 12 12 12 12 10 10 10 12 12 10 12 10 12 10 12 12 12 12 12 10 10 12 12 12 10 12 12 12 12 12 12 12 12 12 12 12 12 12 12 12 10 10 12 12 12 10 12 10 12 12 12 12 44
44 10 10 12 12 10 12 10 12 12 12 12 12 12 12 10 12 12 12 10 12 12 10 12 10 12 12 12 12 10 10 10 10 10 12 12 12 12 12 12 12 12 12 10 12 12 12 12 12 10 10 12 12 12 12 12 10 12 10 12 12 12 12 12 12 12 12 10 10 10 12 12 12 12 12 12 10 12 12 12 10 12 12 12 12 10 12 10 12 12 10 12 12 12 12 12 12 12 10 44
44 10 12 12 10 12 12 12 12 10 12 12 10 12 12 10 12 12 10 12 12 10 12 10 10 12 10 12 12 12 12 12 12 12 12 12 12 12 10 12 10 12 12 10 12 12 12 12 10 12 12 12 12 10 10 10 10 10 12 12 12 12 12 10 12 12 12 10 12 12 10 12 12 12 10 10 12 12 12 12 12 12 12 12 12 12 12 12 12 12 12 12 12 12 12 10 10 10 12 44
44 10 12 12 12 12 10 12 12 12 10 10 10 12 10 12 10 12 12 12 12 10 12 10 10 12 12 12 12 10 12 12 10 12 12 10 10 10 12 12 12 12 12 12 12 12 10 12 12 12 12 12 12 10 12 12 12 10 10 10 12 12 12 12 10 12 12 12 12 12 10 10 12 12 10 12 10 12 10 10 12 12 10 12 12 10 12 12 12 12 12 12 10 10 12 10 10 12 12 44
44 10 10 10 12 12 12 12 12 12 10 12 10 12 12 10 10 12 12 12 10 12 12 12 10 12 12 12 12 10 12 10 12 12 12 12 10 12 10 12 12 12 10 12 12 12 12 12 12 10 10 12 12 10 10 12 12 10 12 12 10 12 12 12 12 12 12 12 12 12 12 10 12 12 12 10 12 10 12 12 12 12 12 12 12 12 12 10 12 10 10 12 12 10 12 10 12 12 12 44
44 10 12 12 12 12 12 12 12 12 10 12 10 12 12 12 12 12 12 12 12 12 12 12 10 12 12 12 12 10 12 12 12 12 12 12 12 12 12 12 12 10 10 12 12 12 12 12 10 10 10 12 12 12 12 12 10 12 12 12 12 12 12 12 10 12 10 12 12 12 12 10 12 12 10 12 12 10 10 10 12 10 12 12 10 12 10 12 10 12 12 12 10 10 10 10 12 10 12 44
44 10 12 12 12 12 10 12 12 10 12 12 10 12 12 12 10 10 12 12 12 12 12 12 12 10 10 12 12 12 12 12 10 10 12 10 12 12 10 12 12 10 12 12 12 12 12 10 12 12 10 12 10 10 12 12 12 12 10 10 12 12 12 10 10 10 12 12 10 12 12 10 10 10 12 10 12 10 10 12 12 10 10 10 12 12 12 12 10 12 12 12 10 12 12 12 10 12 12 44
44 10 10 12 12 10 12 10 10 12 12 12 10 12 12 10 12 10 12 10 12 12 12 12 10 12 12 12 12 12 10 12 12 12 12 12 12 12 10 12 12 10 12 10 10 10 12 12 10 12 12 12 10 10 12 10 12 10 12 12 12 12 10 10 12 12 12 12 10 10 12 12 10 10 12 10 12 12 12 12 10 12 12 12 12 10 12 12 12 10 12 12 10 10 10 12 10 12 12 44
44 10 10 12 12 10 10 12 10 10 10 12 12 12 10 10 12 12 12 12 12 12 12 10 12 12 12 12 12 12 12 12 12 10 10 10 12 12 12 12 10 12 12 10 12 12 10 12 10 12 10 12 12 12 12 10 12 12 10 12 12 12 10 10 12 12 12 12 10 10 12 10 12 12 10 12 12 12 12 12 12 10 10 12 12 10 12 10 10 12 10 10 12 12 12 12 10 10 10 44
44 10 10 10 10 12 12 12 10 10 10 12 12 12 12 12 12 12 12 12 10 12 12 12 12 10 12 12 12 12 12 12 12 12 12 12 12 12 12 12 10 12 12 12 12 12 10 12 12 12 10 12 12 10 12 12 12 10 12 12 12 10 10 10 10 10 12 10 12 10 12 12 12 12 12 10 10 10 12 12 10 12 12 12 12 10 12 10 12 12 12 12 10 12 12 10 12 10 12 44
44 12 12 12 10 10 10 10 10 12 12 12 12 12 12 12 12 12 10 10 12 12 12 12 12 12 12 10 10 12 12 12 10 10 10 10 12 12 12 12 10 12 12 12 12 12 10 10 12 12 12 12 10 12 12 10 12 12 10 12 10 10 10 10 12 12 12 10 12 12 10 12 10 12 12 10 12 12 12 12 12 12 12 12 10 10 12 12 12 12 12 12 10 12 10 12 12 12 10 44
44 10 12 12 10 12 12 12 12 10 10 12 12 12 12 12 12 10 12 10 12 12 10 10 12 12 12 10 10 12 12 12 12 10 12 10 12 12 10 12 10 12 12 10 12 12 12 12 10 12 12 10 12 12 12 12 12 10 12 12 12 12 12 10 12 10 10 12 10 12 12 12 10 10 12 12 12 12 12 12 10 12 12 12 12 10 12 12 10 12 10 10 10 12 10 12 12 10 10 44
44 10 12 12 10 10 12 12 10 12 12 12 10 12 12 10 12 12 12 12 10 12 12 12 12 10 12 12 10 10 12 10 12 12 10 12 12 12 12 12 10 10 10 10 10 12 12 10 12 12 10 12 12 12 12 12 10 12 10 12 12 12 12 12 12 12 12 12 12 12 12 10 10 12 10 12 10 12 12 12 10 12 12 12 12 12 12 12 12 10 12 12 10 12 12 10 12 12 12 44
44 12 12 10 12 12 12 12 12 10 10 12 10 12 12 12 10 12 12 12 10 12 12 10 12 10 12 12 10 12 12 10 12 12 10 10 10 12 10 12 10 12 12 12 12 12 12 12 12 12 10 12 12 10 12 10 12 12 10 10 10 10 10 12 12 12 12 10 10 12 10 12 10 10 12 12 12 10 12 12 12 12 12 12 10 10 12 12 10 10 10 12 12 12 12 12 10 12 12 44
44 10 12 12 10 10 12 12 12 10 12 12 12 10 12 12 12 12 12 12 12 12 12 12 12 10 12 12 12 10 10 12 12 10 12 10 12 10 12 12 12 10 12 12 12 10 10 12 12 12 12 12 10 10 12 10 10 12 12 10 10 12 12 12 10 12 12 12 10 12 12 12 12 10 12 12 12 12 12 12 12 10 10 12 12 10 12 12 12 10 12 12 12 12 12 12 12 12 12 44
44 10 12 10 12 10 12 12 12 12 10 10 10 12 12 12 12 12 10 12 12 10 12 12 12 10 12 12 10 12 12 12 12 10 12 12 12 12 12 12 12 12 10 10 10 12 12 10 12 12 12 10 10 12 12 12 12 12 10 12 12 12 12 10 12 12 12 12 12 12 10 10 10 10 12 10 10 12 10 12 12 12 10 12 12 12 10 10 12 10 10 12 10 10 12 12 12 12 12 44
44 12 12 12 12 10 10 12 12 12 10 12 12 12 12 10 12 10 10 12 10 10 10 12 12 12 12 10 12 10 10 12 12 10 10 12 12 12 12 12 12 10 12 12 10 12 12 12 12 12 12 10 12 12 12 12 12 12 12 12 12 12 12 12 12 12 10 12 12 10 12 12 12 12 12 10 10 10 12 12 10 12 10 12 12 12 10 12 10 12 12 12 12 12 12 10 12 10 10 44
44 12 12 10 12 12 10 10 10 12 12 12 12 12 10 12 10 12 10 12 12 12 12 10 10 10 12 10 12 10 12 10 10 12 10 12 12 12 12 10 12 12 10 12 12 10 12 10 12 10 12 12 12 12 12 12 12 12 12 12 10 10 12 10 12 10 12 10 12 12 12 10 12 12 10 12 12 10 12 12 12 12 12 10 12 12 12 12 10 12 12 12 12 12 12 10 10 10 10 44
44 10 12 12 12 10 12 12 12 12 12 10 12 10 10 12 10 10 12 10 12 12 10 12 12 10 12 12 10 10 12 12 12 12 10 12 12 12 12 12 12 12 12 10 12 10 12 12 12 12 12 10 12 12 12 10 10 12 12 12 12 12 12 12 10 12 10 12 12 12 10 10 12 12 12 12 10 12 12 12 12 10 12 12 12 10 12 10 12 12 12 10 12 12 12 10 12 10 12 44
44 12 12 10 12 10 12 12 12 12 12 12 12 12 10 10 12 12 10 10 12 10 12 12 12 12 10 12 10 12 10 12 12 12 12 10 12 12 10 12 12 10 12 10 10 10 12 10 12 12 10 12 12 12 12 10 12 12 12 12 12 10 12 10 12 10 12 12 12 10 12 12 12 12 10 12 12 10 12 12 12 12 12 10 10 10 12 12 10 12 12 12 12 12 10 12 12 12 12 44
44 12 12 12 12 12 12 12 10 12 12 12 10 10 12 12 12 10 10 12 10 12 12 10 10 10 12 10 12 12 12 10 10 12 12 12 12 12 12 12 12 12 10 12 10 10 12 12 10 10 10 12 12 12 12 12 12 12 10 10 12 12 12 12 12 12 10 12 12 12 12 12 10 12 10 10 10 12 12 12 12 10 10 10 12 10 12 12 12 12 10 12 12 12 12 12 12 12 12 44
44 12 10 12 12 12 12 12 12 10 10 12 12 10 12 12 12 10 10 12 12 12 12 12 12 12 12 12 12 12 12 12 12 12 12 10 12 12 12 10 10 10 12 10 12 10 12 12 10 12 12 12 12 12 12 12 12 10 12 12 10 12 12 12 10 12 12 12 10 12 12 10 12 12 12 12 12 12 12 12 10 10 10 12 12 12 12 12 12 10 12 12 10 12 12 10 12 10 10 44
44 10 12 12 10 12 12 12 10 10 12 10 10 10 12 12 12 10 12 12 12 10 12 12 12 12 12 12 12 10 10 12 12 12 12 10 12 10 12 10 12 10 12 12 10 10 12 10 10 12 12 12 12 10 10 12 10 10 12 12 12 12 10 12 12 12 12 12 10 10 12 10 12 12 12 12 12 10 12 10 12 10 12 12 10 12 12 12 12 12 10 12 12 12 10 10 12 10 10 44
44 12 12 10 10 10 12 10 12 12 10 12 12 10 10 12 10 10 12 12 10 12 10 12 10 12 10 10 12 10 12 10 12 12 12 10 12 12 10 10 10 10 12 12 10 10 10 12 10 10 12 12 12 12 10 12 12 12 10 10 12 12 10 12 10 10 12 12 10 12 10 12 10 12 12 12 12 12 10 12 10 10 12 12 10 12 12 12 12 12 10 12 12 12 12 12 10 12 12 44
44 12 10 12 12 10 10 12 12 12 12 12 12 12 12 12 12 12 10 12 12 12 10 10 12 12 12 12 12 10 12 10 12 10 10 12 10 12 10 12 12 12 10 10 12 10 10 12 10 10 12 10 12 12 12 12 12 12 10 12 12 10 12 12 10 10 12 12 12 12 12 10 12 12 12 12 12 12 12 12 10 12 10 10 12 12 12 12 12 12 12 12 12 10 12 10 10 10 12 44
44 12 12 12 12 12 12 12 12 12 12 12 12 12 12 12 10 10 12 12 10 12 10 12 10 10 12 10 10 10 12 12 12 12 12 12 12 12 12 12 12 12 12 12 12 12 12 12 10 12 10 12 10 12 12 12 10 12 12 12 12 12 12 10 12 10 12 12 12 10 12 12 10 12 12 12 12 10 12 12 12 12 10 12 12 12 12 12 10 12 12 12 10 12 12 12 12 12 12 44
44 12 12 12 12 12 10 10 12 12 12 12 12 12 12 12 10 10 12 12 12 12 12 12 12 10 10 12 12 12 12 12 10 12 10 12 12 10 12 10 12 12 10 12 12 12 10 12 12 12 12 12 10 12 12 10 12 12 10 10 12 10 12 12 10 12 12 12 12 10 12 12 12 12 12 12 12 12 12 12 12 12 12 12 12 12 12 10 12 12 10 12 12 12 12 12 12 12 12 44
44 12 12 10 12 10 12 12 12 10 12 10 12 12 12 12 10 12 12 12 12 12 12 12 10 12 12 10 12 10 12 12 12 12 12 10 10 12 10 10 12 10 10 12 12 12 12 10 12 12 12 10 12 12 10 12 12 12 10 10 10 12 12 10 10 12 12 12 10 12 12 12 12 10 12 12 12 12 10 12 12 12 12 12 10 10 10 12 12 12 10 12 12 12 12 12 10 12 12 44
44 12 10 12 12 12 12 12 12 12 12 12 12 10 12 12 12 10 12 12 10 10 10 12 12 12 10 12 12 12 12 12 10 12 12 12 12 10 12 10 10 12 12 10 10 12 12 10 12 10 12 10 12 12 12 10 12 12 12 12 12 12 12 12 12 12 12 12 10 12 10 12 10 10 12 12 10 10 12 10 10 10 12 12 12 12 10 12 12 10 12 12 12 12 12 10 10 12 10 44
44 12 12 10 10 12 12 10 10 10 10 10 12 10 10 12 12 10 12 10 12 12 12 12 12 10 12 12 10 12 12 12 12 10 10 12 12 10 12 12 12 12 12 12 12 12 10 10 10 12 12 12 12 12 12 12 10 12 12 10 12 12 12 12 12 12 10 12 12 12 10 10 10 12 12 12 12 10 10 12 10 12 10 12 12 12 12 12 12 12 12 12 10 10 10 10 12 10 12 44
44 12 12 10 12 12 12 12 12 12 12 10 12 10 10 10 10 12 12 12 12 10 12 12 10 10 12 12 10 10 12 10 12 10 12 10 12 12 12 12 10 10 12 12 12 10 12 12 12 10 10 12 12 10 10 10 10 12 12 12 10 12 12 12 12 12 12 12 12 12 10 12 10 12 10 12 12 12 12 12 10 12 12 12 10 12 12 12 12 12 12 12 12 10 12 12 12 12 10 44
44 12 10 12 12 12 12 10 10 12 12 10 12 12 12 12 12 12 12 12 12 12 12 12 12 12 10 10 10 10 10 10 10 10 10 10 10 12 12 10 10 12 12 12 12 12 10 12 10 12 12 12 10 10 10 12 12 12 12 12 12 12 12 12 12 12 12 10 10 10 12 12 10 12 12 10 12 10 10 10 12 12 12 12 10 12 12 12 12 12 10 12 12 12 12 10 12 12 12 44
44 12 12 12 10 12 10 12 12 12 12 12 12 10 12 12 12 12 12 10 12 12 12 12 10 12 12 12 10 10 10 12 12 10 12 12 12 12 10 12 12 10 12 10 10 12 12 10 12 12 12 12 10 10 10 10 12 12 12 10 12 12 12 10 12 10 10 12 12 10 12 10 12 12 12 12 12 12 12 12 12 10 12 12 12 12 10 10 10 12 12 10 12 12 12 10 12 12 10 44
44 10 12 10 12 12 10 12 10 12 12 10 12 12 10 12 12 12 12 12 12 10 12 12 12 10 12 12 12 12 12 10 12 10 12 12 12 12 10 12 12 12 10 12 12 12 10 10 12 12 12 12 10 10 12 10 10 10 10 12 12 12 12 10 10 10 10 10 12 10 12 12 12 10 10 12 12 10 12 12 12 12 12 10 10 10 12 10 12 10 12 10 12 10 10 12 12 10 10 44
44 10 10 12 12 12 10 10 12 12 10 12 12 12 12 12 10 12 10 12 12 12 12 12 10 12 12 10 12 12 12 12 12 12 12 12 12 12 10 12 10 12 12 10 10 12 12 12 10 12 10 12 12 12 10 12 10 10 12 12 12 10 10 12 12 12 12 12 12 12 12 12 12 10 10 10 10 12 12 12 10 10 12 12 12 10 10 10 10 12 12 12 10 10 12 10 12 10 12 44
44 12 12 10 12 12 12 10 12 12 10 12 12 10 10 10 12 12 10 12 12 10 12 12 10 10 10 12 12 10 10 12 12 12 12 12 12 12 12 12 45 45 45 45 45 45 45 45 45 45 45 12 10 12 12 10 10 12 12 10 12 12 12 12 12 12 12 12 12 12 10 12 12 10 12 12 12 12 12 12 10 12 12 10 10 12 12 12 12 12 12 10 10 10 12 12 12 12 12 44
44 12 12 10 12 10 12 10 12 12 12 10 10 12 10 12 12 12 10 12 10 10 12 12 10 12 12 12 12 10 10 10 12 12 10 10 12 12 12 10 45 48 54 48 47 46 46 46 46 46 45 12 10 12 12 10 10 10 12 12 12 12 12 12 12 10 12 12 10 10 12 10 10 12 12 10 12 12 10 12 12 10 12 12 10 12 12 10 12 12 10 10 12 12 12 12 10 12 12 44
44 10 12 12 10 10 10 10 12 12 10 12 10 12 10 12 12 12 12 12 12 10 12 12 12 12 10 12 12 12 12 10 10 10 10 12 12 12 10 10 45 46 46 46 46 46 46 46 46 46 45 12 12 10 12 12 12 10 10 12 12 10 12 12 10 12 12 12 12 10 10 12 12 12 12 10 12 10 12 12 12 12 12 10 12 12 12 12 10 12 12 12 12 10 12 12 12 10 10 44
44 12 12 12 12 10 12 10 12 12 12 10 12 10 12 12 12 12 12 10 10 10 12 12 12 12 12 12 10 12 10 10 10 10 12 12 10 10 12 12 45 46 46 46 46 46 46 46 46 46 45 10 10 10 10 10 12 10 12 10 12 12 12 12 10 10 10 10 12 12 12 12 10 12 12 12 12 12 12 12 12 12 12 12 10 10 12 10 12 12 12 12 12 10 12 12 10 12 10 44
44 10 10 10 10 10 10 12 12 12 10 12 12 12 12 10 12 12 10 12 12 12 10 12 12 10 10 12 12 10 12 12 10 10 12 12 12 12 12 12 45 46 46 46 46 46 46 50 46 46 45 12 12 12 12 10 12 10 12 12 12 10 12 12 12 12 12 12 12 12 12 10 12 12 12 12 12 10 12 12 10 12 10 12 10 10 10 12 10 12 12 12 10 10 10 10 10 12 10 44
44 12 12 10 12 12 10 12 10 12 12 12 12 10 10 12 10 10 10 10 10 10 12 12 12 12 12 12 10 12 10 10 10 10 10 12 10 12 12 12 45 46 46 46 46 46 51 55 52 46 45 12 10 12 12 12 12 12 12 12 12 12 12 12 12 12 12 12 12 12 10 12 12 12 10 12 12 10 10 10 12 12 12 10 10 12 12 10 12 12 12 12 12 10 10 10 12 12 10 44
44 10 10 12 12 12 10 12 12 10 12 10 12 12 10 10 10 12 12 12 12 12 12 12 10 12 12 12 12 10 10 12 12 10 12 12 12 10 12 12 45 46 46 46 46 46 46 53 46 46 45 10 10 12 10 12 10 12 12 12 12 12 12 12 12 12 10 10 12 10 10 10 10 12 10 12 12 12 12 12 12 12 12 12 12 12 12 10 12 12 10 10 12 12 12 12 12 12 12 44
44 12 12 12 12 10 12 10 12 10 12 12 12 12 12 12 10 12 10 12 12 12 10 10 12 12 12 10 10 12 12 10 12 12 12 12 10 10 12 12 45 46 46 46 46 46 46 46 46 46 45 12 10 12 10 10 12 12 12 10 12 10 12 12 12 12 10 12 12 12 10 12 10 12 12 10 10 10 10 10 12 12 10 12 12 12 12 10 10 12 12 12 10 10 12 12 12 12 10 44
44 12 12 12 10 12 10 12 10 12 12 10 12 12 12 12 10 12 12 12 12 12 12 12 10 12 12 12 12 12 12 12 12 12 10 12 10 12 10 12 45 46 46 46 46 46 46 46 46 46 45 10 12 10 12 10 12 12 12 10 12 12 12 10 12 10 12 10 10 12 12 10 12 10 10 10 12 12 12 10 12 12 12 12 12 12 12 12 12 10 10 12 12 12 10 12 12 10 12 44
44 12 10 12 12 12 12 12 12 10 12 12 12 12 12 12 12 12 12 12 10 12 12 12 12 12 12 12 10 10 12 12 10 12 10 10 12 12 12 10 45 45 45 45 45 49 45 45 45 45 45 10 12 12 12 12 12 10 12 12 12 10 10 12 12 12 12 12 12 10 12 12 10 10 10 10 10 12 12 10 12 12 10 12 12 12 10 10 10 12 12 10 12 12 10 12 12 12 10 44
44 10 12 12 12 12 12 12 12 12 10 12 12 12 12 12 12 12 12 10 12 10 12 12 10 10 10 10 12 12 12 12 12 10 12 10 12 12 12 12 12 10 12 12 10 10 10 10 10 10 10 12 12 12 12 12 12 10 10 12 12 10 10 12 12 10 10 12 10 10 12 12 12 10 12 12 10 12 12 12 12 10 12 12 12 12 12 12 12 12 12 12 12 10 10 12 12 12 12 44
44 10 12 12 12 12 12 10 10 12 10 10 12 10 10 10 12 12 12 12 12 12 12 12 12 10 10 12 12 12 10 12 12 10 12 12 12 12 12 12 12 10 12 10 10 12 12 12 12 12 12 10 12 10 12 10 10 12 12 10 12 12 10 12 12 12 12 12 10 12 12 12 10 12 12 12 12 12 10 10 12 12 10 12 12 10 10 12 10 10 12 10 12 10 10 12 10 10 12 44
44 12 12 12 12 10 12 10 12 10 10 10 10 12 10 12 10 12 10 12 10 10 10 10 10 12 10 12 10 12 10 10 12 10 12 12 12 10 12 10 10 10 12 10 12 10 12 10 12 10 10 12 12 12 12 12 10 12 12 12 12 12 10 12 12 12 10 12 10 12 10 12 12 12 12 12 12 12 12 10 10 12 12 12 10 10 10 10 10 12 12 12 10 12 12 12 12 10 12 44
44 12 12 12 12 10 12 10 12 12 12 12 12 12 12 12 12 10 10 10 12 12 12 10 10 12 12 12 12 10 12 10 10 12 12 12 12 10 12 12 12 10 10 12 12 10 12 10 12 12 12 12 12 12 12 10 12 10 12 12 10 10 12 10 12 12 12 12 12 12 12 12 12 12 12 10 12 10 10 12 10 12 12 10 12 10 12 12 10 12 12 10 12 12 12 10 12 12 12 44
44 10 12 12 10 12 10 10 10 10 12 12 12 12 10 12 10 12 12 12 10 10 10 10 10 10 12 10 10 10 10 12 12 12 12 10 12 12 12 10 12 12 12 10 12 10 10 10 10 12 12 10 12 12 12 12 12 12 10 12 12 10 10 12 12 12 12 12 12 12 12 12 12 12 12 10 10 12 10 12 12 12 10 10 12 12 10 12 12 12 10 12 12 10 12 12 12 12 10 44
44 12 10 12 12 12 10 12 10 12 12 10 10 12 10 12 10 10 10 10 12 12 12 12 12 12 10 10 10 10 12 10 12 12 12 10 10 12 12 10 12 12 12 12 10 12 12 10 10 10 12 12 12 10 10 12 12 12 12 12 10 12 12 12 12 10 12 12 12 12 12 10 12 12 12 12 10 12 12 12 10 12 12 12 12 10 10 10 12 10 10 12 12 12 10 12 12 12 12 44
44 10 12 10 12 12 12 12 12 12 10 12 12 12 10 12 12 10 12 12 12 10 12 12 12 10 10 10 12 10 12 10 12 12 12 12 10 12 12 12 10 12 12 12 10 10 10 12 12 12 10 10 10 12 12 12 10 12 10 12 10 12 10 10 10 10 12 12 12 12 10 12 12 10 12 12 12 12 10 12 12 10 12 12 10 12 12 10 12 12 10 12 12 12 12 12 12 10 12 44
44 10 12 10 10 12 12 12 12 10 12 12 12 12 12 12 12 12 10 10 10 10 10 12 12 10 10 10 12 12 12 10 12 10 10 12 10 10 10 12 12 12 12 12 12 12 10 10 12 12 10 12 12 12 12 10 12 10 12 10 12 12 12 12 10 12 10 10 12 12 10 12 10 12 10 10 12 12 10 10 12 10 12 12 12 10 12 12 12 10 12 12 10 10 10 10 10 12 12 44
44 10 12 10 12 12 10 12 12 12 12 10 10 12 10 10 10 12 12 12 12 12 12 12 12 10 12 12 10 12 12 12 12 12 10 12 12 12 10 12 12 10 12 12 10 12 10 10 12 12 12 12 10 12 12 12 10 12 12 10 12 12 12 12 12 12 10 12 12 10 10 12 12 10 10 12 10 12 10 10 12 12 10 12 10 12 10 12 12 10 10 12 12 12 10 12 10 12 12 44
44 10 10 12 12 10 12 12 12 12 12 12 12 10 10 12 10 12 10 12 10 12 12 12 10 10 12 12 12 12 12 10 12 12 12 12 12 10 12 12 10 12 12 10 12 10 12 12 12 12 10 12 12 10 12 12 12 12 12 12 10 12 10 12 12 10 12 10 12 12 12 12 10 12 12 10 12 10 12 10 12 12 12 12 12 12 10 10 12 12 12 12 12 10 12 12 12 12 12 44
44 12 10 10 12 12 12 12 10 12 12 10 10 10 12 12 12 12 12 10 12 12 12 12 10 12 10 10 12 12 12 10 12 12 10 12 12 12 12 12 12 10 12 10 10 12 10 10 12 12 12 12 10 12 10 12 10 10 12 12 10 12 10 10 12 12 12 12 12 12 10 12 12 12 12 12 12 12 10 12 12 12 12 12 12 12 10 12 12 10 10 12 10 10 12 12 10 12 12 44
44 12 12 12 12 12 10 12 12 10 10 12 10 10 12 12 12 10 10 12 12 12 10 10 10 12 12 10 10 10 12 12 12 10 12 10 12 10 12 10 12 12 12 10 10 12 10 10 12 12 12 12 10 12 12 10 12 12 12 10 12 12 10 12 12 12 12 12 12 10 12 10 12 10 12 10 12 12 10 12 10 12 12 12 12 10 12 10 12 12 12 10 10 12 12 10 10 12 12 44
44 12 12 12 10 12 10 12 12 10 12 10 12 10 10 12 12 10 12 12 10 12 12 12 12 12 10 12 12 12 10 12 12 12 12 12 12 12 12 12 12 12 12 12 10 12 10 10 12 12 12 12 10 10 10 10 10 12 12 10 12 12 12 10 10 10 10 12 12 12 10 12 12 12 10 10 12 10 12 10 12 10 12 10 12 10 10 12 12 12 12 12 12 12 12 12 12 10 10 44
44 12 12 12 12 12 10 12 12 12 10 10 12 12 12 12 12 10 10 10 12 12 10 10 12 12 12 10 10 12 12 12 12 12 12 12 10 12 12 10 12 12 12 10 12 10 12 12 12 10 12 10 12 12 10 10 10 10 12 10 12 12 12 10 10 10 10 12 12 10 10 12 12 12 12 12 12 12 10 10 12 10 12 10 12 12 12 10 10 12 10 12 12 10 10 12 12 12 10 44
44 10 12 12 12 12 12 10 12 12 12 10 10 10 12 10 12 12 12 12 10 12 12 12 10 12 12 12 12 12 10 10 12 12 12 12 12 10 12 12 12 12 10 10 12 10 12 12 12 12 12 10 12 12 10 10 12 12 10 12 12 12 10 12 12 12 12 10 12 10 12 12 10 12 10 12 10 12 12 10 10 10 10 12 12 10 12 10 12 12 12 12 10 12 10 10 12 12 12 44
44 10 12 12 12 12 12 12 12 12 12 10 12 12 12 12 12 10 12 12 12 12 12 10 12 12 10 12 12 12 12 12 12 12 12 12 12 10 12 12 12 10 12 12 10 12 10 12 12 10 10 12 10 12 12 12 12 10 12 10 12 12 10 10 12 10 10 10 12 12 12 12 12 12 10 12 12 10 10 12 12 12 10 12 12 12 12 12 10 10 12 12 12 10 12 12 12 10 10 44
44 12 12 10 12 10 10 12 12 12 12 12 12 12 12 12 12 12 10 10 10 10 12 12 12 12 12 12 12 12 12 12 12 12 12 12 12 12 12 12 12 12 10 12 12 12 12 12 12 12 12 12 12 12 10 10 10 10 12 12 10 10 10 12 12 10 12 10 12 10 12 12 12 10 10 12 10 10 12 12 12 12 10 10 10 12 10 10 10 12 12 12 10 10 10 12 10 12 12 44
44 10 12 12 12 10 12 10 12 10 12 12 12 12 10 12 12 12 12 12 10 12 12 12 12 12 10 12 10 12 10 10 10 12 12 12 12 12 12 10 12 10 12 12 12 12 12 12 10 12 12 10 12 12 10 12 12 10 12 12 10 12 10 10 10 12 10 10 12 12 12 12 12 12 12 12 10 12 10 10 12 12 12 12 10 10 10 10 10 10 10 10 12 12 12 12 12 10 10 44
44 10 10 12 12 10 12 12 12 10 12 10 12 12 12 12 10 10 10 12 12 10 10 12 12 12 10 12 10 12 12 12 12 10 10 10 12 10 12 12 12 12 10 12 10 10 12 12 12 10 12 10 10 12 12 12 12 12 12 12 12 10 10 12 12 10 10 12 10 12 10 12 10 12 10 12 12 12 10 12 12 12 10 10 10 10 12 10 12 10 12 12 12 12 10 12 10 12 12 44
44 12 12 12 10 10 10 12 12 12 12 12 12 12 10 12 12 12 12 12 10 12 10 12 12 10 10 10 12 10 12 12 10 12 12 10 12 10 10 10 12 12 12 12 10 12 12 10 12 10 12 12 12 12 10 12 10 10 10 12 10 10 12 10 12 12 12 12 12 12 12 12 12 12 12 12 12 12 12 12 12 12 10 12 12 12 12 10 12 12 12 12 12 12 12 12 10 12 12 44
44 10 12 10 12 10 10 10 10 12 10 12 10 10 12 12 10 12 12 12 12 10 10 10 10 10 12 12 12 12 12 12 12 10 10 10 10 12 12 12 12 10 10 12 12 12 12 10 12 12 10 12 12 12 12 12 12 12 12 12 12 12 10 12 12 10 12 12 12 10 12 12 12 10 10 12 12 10 12 12 12 12 10 12 12 12 12 12 10 12 10 12 12 12 12 12 12 10 12 44
44 12 12 10 10 10 12 10 12 10 12 12 12 10 12 12 12 12 10 10 10 12 10 12 12 12 10 10 10 10 12 12 12 12 12 10 12 12 10 10 12 12 10 12 10 12 12 12 10 10 12 12 12 12 12 10 10 12 12 12 12 12 12 10 12 12 10 12 12 12 12 12 10 10 10 12 12 12 12 12 12 10 10 12 10 10 12 12 12 10 12 10 10 12 12 12 12 12 12 44
44 12 10 12 12 10 10 12 12 12 10 10 12 10 10 10 10 12 12 10 12 10 12 12 10 10 12 12 12 10 12 12 12 12 12 10 12 12 12 12 12 12 12 12 10 12 12 12 12 10 12 12 10 12 10 12 10 12 12 10 10 10 12 12 10 12 12 10 12 12 12 10 10 12 12 12 12 12 12 12 12 12 10 10 12 12 12 12 12 12 10 10 12 12 12 12 12 12 12 44
44 12 12 12 10 10 12 12 12 12 12 10 12 10 10 10 10 10 12 12 12 10 12 10 12 10 12 10 12 10 12 10 12 10 10 12 12 12 10 12 12 12 12 12 12 12 12 10 12 12 12 12 12 12 10 12 10 10 10 10 12 12 12 12 12 12 12 10 12 12 12 10 12 12 12 12 12 12 10 12 12 10 10 10 12 10 12 12 12 10 10 12 12 12 12 12 12 12 12 44
44 12 12 12 12 10 10 12 10 10 12 10 12 12 10 10 12 12 12 12 12 12 12 12 12 12 10 12 12 10 10 10 12 12 10 10 12 12 10 12 12 12 12 12 12 12 12 10 10 12 10 12 12 12 12 10 12 12 12 10 10 10 12 12 12 10 12 10 12 12 12 12 10 12 10 12 10 10 10 12 12 12 12 10 12 10 12 12 12 10 12 12 10 12 12 12 12 10 10 44
44 12 12 12 12 12 10 12 10 12 12 12 10 12 12 12 12 10 10 12 10 12 10 12 12 12 12 12 12 12 12 10 12 10 12 12 10 12 10 10 10 12 10 12 12 12 12 12 10 12 10 12 10 10 12 12 12 12 12 12 10 12 12 12 12 10 10 12 12 12 10 10 12 12 12 12 10 10 12 12 12 10 10 10 12 10 10 10 10 10 12 10 12 10 12 12 12 12 12 44
44 10 12 10 10 12 10 12 12 12 12 10 12 12 10 10 10 12 12 12 12 12 12 10 10 12 12 12 12 12 12 12 10 10 12 12 12 12 10 12 10 12 12 10 12 10 12 10 12 12 12 12 12 10 12 10 12 10 12 12 12 10 12 10 12 10 12 12 10 10 12 12 12 12 10 10 12 10 10 12 12 12 12 12 12 10 10 12 12 12 12 12 12 10 12 12 10 12 12 44
44 12 12 12 12 10 10 12 12 10 10 12 12 12 12 10 12 12 10 10 10 12 12 10 12 12 12 10 12 10 12 10 12 10 12 12 12 12 12 10 12 12 12 12 12 10 10 12 10 12 12 12 12 12 10 10 12 10 12 12 12 12 10 12 12 12 10 12 12 10 12 10 10 10 10 12 12 12 12 12 10 12 12 12 10 10 12 12 12 12 12 12 12 12 12 12 12 12 12 44
44 10 12 12 10 10 12 12 12 12 12 12 12 12 10 12 12 10 10 12 12 12 12 12 10 10 10 12 12 12 10 10 12 12 10 12 12 12 10 12 10 10 12 12 10 10 12 12 12 12 12 10 12 12 12 10 12 12 10 12 12 12 12 10 12 12 12 12 12 12 12 12 10 10 12 10 12 12 12 10 12 12 12 12 12 10 12 10 12 10 10 12 12 12 12 10 10 12 10 44
44 12 12 10 12 10 12 10 10 10 12 12 12 12 12 10 12 10 12 10 12 12 12 12 10 10 12 12 12 12 12 12 12 12 12 12 10 12 12 12 12 12 10 12 10 12 10 10 12 10 10 10 12 12 12 12 12 12 10 12 10 10 12 12 10 12 12 12 12 12 12 12 10 12 12 12 12 12 12 12 12 12 10 12 10 12 12 12 12 12 10 12 10 12 10 12 10 12 12 44
44 12 10 12 10 12 12 12 10 12 12 12 12 12 12 12 10 10 12 12 10 12 12 12 12 10 10 12 12 12 12 12 12 10 12 12 10 10 10 12 10 10 10 12 10 12 10 12 12 10 10 12 12 12 10 12 10 12 10 10 12 12 12 12 12 10 12 10 12 10 12 12 10 12 12 10 10 12 12 12 12 10 12 10 12 12 10 12 12 12 10 10 12 12 12 12 12 10 12 44
44 12 12 12 12 12 12 12 12 12 10 10 12 10 12 12 12 10 12 12 12 10 10 12 10 10 10 12 12 10 12 10 12 10 10 12 12 12 12 12 10 12 12 10 10 10 10 12 12 10 12 12 12 12 10 12 10 10 12 10 10 12 12 12 12 10 10 12 12 12 12 12 12 12 12 12 12 10 12 12 12 12 12 12 12 10 10 12 10 12 12 12 12 12 12 12 12 12 10 44
44 10 12 10 12 10 12 12 10 12 10 12 12 12 12 12 10 12 12 12 12 10 12 12 12 12 12 12 12 12 12 12 12 10 10 12 12 12 10 10 10 12 10 12 12 12 12 10 12 12 12 10 12 12 12 10 12 12 12 10 10 12 10 10 12 12 12 12 12 12 12 10 10 12 12 10 12 10 12 10 10 10 10 10 10 10 12 12 10 12 12 12 12 12 10 12 10 10 10 44
44 12 12 12 12 12 12 12 12 10 10 12 12 12 12 12 12 10 12 12 12 12 12 12 12 12 10 10 10 10 10 10 10 12 12 12 12 12 12 12 10 10 12 12 10 10 10 10 12 10 10 10 12 12 12 12 10 12 10 12 10 10 12 10 10 10 12 12 12 10 12 10 10 12 12 12 10 12 12 12 12 12 10 12 10 12 12 12 12 10 12 12 10 10 12 10 12 10 12 44
44 12 12 12 12 12 12 12 10 12 10 12 12 10 12 12 12 10 10 12 12 12 12 12 10 12 12 12 12 12 10 12 10 12 10 12 12 12 12 12 12 12 12 10 10 10 12 12 12 12 12 12 12 12 12 12 12 10 12 10 10 12 12 12 12 12 12 12 10 12 10 10 10 10 12 12 12 12 10 12 10 12 10 12 12 12 10 12 10 10 10 10 10 12 10 12 12 12 12 44
44 10 12 12 10 12 12 12 12 10 12 12 12 12 12 12 12 12 12 12 10 10 10 10 12 12 12 12 12 10 12 12 12 12 12 12 12 10 12 12 12 12 12 10 10 12 10 12 12 12 12 12 10 10 12 12 12 10 10 12 12 12 10 10 12 12 10 10 12 12 10 12 12 10 10 12 12 10 12 12 10 12 12 12 12 12 10 12 10 10 10 12 12 10 10 12 12 10 12 44
44 12 12 12 12 12 12 12 12 12 12 10 12 12 10 10 12 12 12 12 12 10 12 10 12 10 12 12 12 10 12 10 12 12 12 12 12 12 12 12 12 12 10 12 10 10 10 10 10 12 10 10 12 10 12 10 12 12 12 12 12 12 10 12 12 12 12 12 10 10 12 12 12 10 12 12 10 12 10 12 10 12 10 12 10 12 12 12 12 12 12 12 12 12 10 12 10 12 10 44
44 10 12 10 12 12 12 10 12 12 12 12 12 10 10 12 12 12 12 12 12 10 10 12 10 10 10 12 10 12 10 12 10 10 12 12 12 12 12 12 10 10 12 12 12 12 12 12 12 12 10 12 12 12 10 10 12 12 12 12 12 10 10 12 12 12 12 10 12 12 10 12 10 10 12 10 12 12 10 12 10 12 12 12 10 12 12 12 10 12 12 10 10 12 12 12 12 12 12 44
44 12 12 10 10 10 12 12 12 12 12 10 12 12 12 10 12 12 12 10 12 12 12 12 10 10 12 12 12 12 12 12 12 12 10 12 12 12 10 10 12 10 12 10 12 10 12 12 12 12 10 12 12 12 12 10 12 12 12 10 12 12 12 10 10 12 10 12 12 12 10 10 12 12 12 12 12 12 12 10 10 12 12 12 10 12 12 12 12 10 10 12 12 12 12 12 12 12 12 44
44 12 12 12 12 12 10 10 10 12 12 12 12 10 12 10 10 12 12 10 10 12 12 12 12 12 12 10 12 10 10 12 12 12 12 10 12 12 10 10 12 10 12 12 12 10 12 12 10 12 10 12 12 12 12 10 12 12 10 10 12 12 12 12 12 12 12 10 10 12 12 12 12 12 10 10 12 12 10 12 12 12 10 12 12 10 10 10 10 12 12 12 12 12 12 12 12 12 10 44
44 12 12 10 12 10 12 12 12 12 10 12 12 12 12 12 12 12 12 12 10 12 12 12 10 12 10 12 12 12 10 12 12 10 12 10 10 10 12 12 12 12 12 10 12 10 10 12 12 12 10 12 12 10 10 12 12 12 10 12 12 10 10 12 10 12 12 12 12 12 12 12 10 12 10 10 12 12 12 10 12 12 10 12 12 12 12 12 12 10 12 10 10 12 12 12 12 12 12 44
44 10 10 10 10 10 10 12 10 10 10 12 12 12 12 10 12 12 10 12 12 12 12 10 10 12 10 10 12 12 12 12 12 12 12 10 12 10 12 10 12 12 12 12 12 10 10 12 10 10 12 10 12 10 10 12 12 12 10 12 12 10 12 10 10 12 12 12 12 10 12 10 12 12 10 10 12 12 12 12 12 10 12 12 12 12 12 10 10 10 12 10 12 12 12 12 12 10 12 44
44 10 12 12 10 10 12 12 12 10 12 12 10 10 10 12 10 12 12 12 12 12 12 12 12 12 12 12 12 12 12 12 12 10 12 12 10 12 12 10 10 12 12 12 12 12 12 12 10 10 12 10 12 10 12 12 10 10 12 12 12 10 12 12 12 12 12 10 10 12 12 10 12 12 12 12 12 12 12 12 12 12 12 12 12 12 12 12 12 12 10 12 10 12 10 12 10 12 10 44
44 12 10 12 12 10 12 10 12 12 10 12 12 12 12 12 12 10 12 12 10 10 12 12 12 10 10 12 10 12 10 12 12 10 12 12 10 12 10 10 12 12 12 10 12 10 12 12 12 12 12 10 12 10 12 12 12 12 10 10 10 12 12 12 10 12 12 12 12 12 12 12 10 12 12 12 12 12 12 10 12 12 10 10 12 12 12 12 12 12 10 10 10 12 12 12 12 10 12 44
44 12 12 10 12 12 10 10 12 12 10 10 12 12 12 12 12 12 12 10 10 12 10 10 10 12 12 10 12 12 12 10 12 12 12 12 12 12 12 12 12 12 12 10 12 12 12 12 12 12 10 12 12 10 12 12 12 12 10 12 12 10 12 10 12 12 10 12 12 10 12 10 12 12 12 12 10 12 12 10 12 12 12 12 12 12 12 10 10 12 12 10 12 12 10 10 12 12 12 44
44 12 12 12 12 12 12 12 12 12 12 10 12 12 10 12 12 12 12 10 12 10 12 12 12 12 12 12 10 10 12 12 10 10 10 10 12 10 12 12 10 12 12 10 12 10 12 12 12 12 10 12 10 12 10 10 10 12 12 12 12 10 12 12 12 10 10 10 12 10 12 12 12 10 12 10 12 12 12 12 12 12 10 10 10 10 12 12 10 10 10 10 12 12 10 10 12 10 10 44
44 12 12 12 10 12 10 12 10 12 10 12 10 12 10 12 12 12 10 12 10 12 10 12 10 12 10 12 12 12 12 12 12 10 12 10 10 12 12 10 10 12 12 12 12 12 12 12 10 12 12 12 12 12 10 12 12 12 12 12 10 10 12 12 12 12 12 12 12 12 10 12 12 12 12 10 10 10 12 10 12 10 12 10 10 10 12 12 10 10 12 10 12 12 10 12 12 10 12 44
44 12 12 12 12 12 12 12 12 12 12 12 10 12 12 12 12 12 12 12 12 12 10 12 12 12 12 12 12 12 12 12 12 10 10 12 12 12 10 10 12 10 10 12 12 12 10 10 12 10 10 12 10 12 10 12 12 12 10 12 10 12 10 12 12 12 12 10 12 12 12 12 12 10 10 10 10 12 10 10 10 12 10 12 10 12 12 10 12 10 12 12 12 12 12 10 10 12 12 44
44 12 12 12 12 12 10 12 10 12 12 10 12 12 10 10 12 12 10 10 12 12 12 12 10 12 10 12 12 12 12 12 10 12 12 12 10 12 12 10 12 12 10 12 12 10 12 12 10 10 12 10 12 10 10 10 10 12 10 12 12 10 12 10 12 12 12 12 12 10 12 12 10 12 12 12 12 12 12 12 10 10 12 12 12 10 12 12 12 12 10 12 12 12 10 12 12 12 12 44
44 44 44 44 44 44 44 44 44 44 44 44 44 44 44 44 44 44 44 44 44 44 44 44 44 44 44 44 44 44 44 44 44 44 44 44 44 44 44 44 44 44 44 44 44 44 44 44 44 44 44 44 44 44 44 44 44 44 44 44 44 44 44 44 44 44 44 44 44 44 44 44 44 44 44 44 44 44 44 44 44 44 44 44 44 44 44 44 44 44 44 44 44 44 44 44 44 44 44 44