44 44 44 44 44 44 44 44 44 44 44 44 44 44 44 44 44 44 44 44 44 44 44 44 44 44 44 44 44 44 44 44 44 44 44 44 44 44 44 44 44 44 44 44 44 44 44 44 44 44 44 44 44 44 44 44 44 44 44 44 44 44 44 44 44 44 44 44 44 44 44 44 44 44 44 44 44 44 44 44 44 44 44 44 44 44 44 44 44 44 44 44 44 44 44 44 44 44 44 44
44 10 10 12 10 12 12 12 10 12 12 12 12 12 12 12 10 12 10 10 12 12 12 12 12 12 12 12 12 12 12 12 12 12 10 12 12 10 12 12 12 10 12 12 10 10 12 12 12 12 12 10 12 10 12 12 10 12 12 10 12 10 12 10 12 12 12 12 12 12 12 10 12 10 12 10 10 12 12 10 12 10 12 10 12 10 12 10 12 12 12 12 12 12 10 10 12 10 10 44
44 10 12 12 12 12 12 10 12 10 12 12 10 12 10 10 12 12 12 12 12 12 12 12 12 10 10 10 12 12 10 12 12 12 10 12 12 12 12 12 12 12 12 12 10 10 10 10 12 12 12 12 12 10 12 10 12 12 10 12 12 12 12 12 10 10 12 12 10 12 12 12 10 10 10 10 12 12 12 12 12 12 12 12 10 12 12 12 12 10 10 12 12 12 12 10 12 10 12 44
44 12 12 12 10 12 12 10 10 10 12 12 12 12 12 12 12 12 12 12 12 12 12 12 12 12 12 12 12 12 12 10 12 12 10 12 12 10 12 12 12 12 12 10 12 12 10 12 12 10 10 12 12 12 12 12 10 12 12 10 12 12 10 10 12 12 12 10 12 10 12 12 10 12 12 12 12 12 12 12 12 10 10 12 12 12 10 12 10 10 10 12 10 12 12 12 10 12 12 44
44 10 12 12 10 10 12 12 10 10 12 10 10 10 12 12 12 12 10 10 10 12 10 12 10 12 12 10 10 12 10 12 12 10 12 12 12 10 12 10 12 12 12 12 10 12 12 10 10 12 10 12 12 12 12 12 12 12 12 10 12 12 12 12 12 12 10 10 12 12 10 12 12 10 12 12 12 10 12 12 12 12 12 12 10 10 10 12 12 12 10 12 12 10 12 10 12 10 10 44
44 10 12 12 12 12 12 10 12 12 12 10 12 12 10 10 12 12 12 12 10 10 12 10 12 12 12 12 10 10 10 10 12 12 12 12 12 12 10 12 12 10 12 12 10 10 12 12 12 10 12 12 12 12 12 10 12 12 10 12 12 12 12 10 12 12 12 12 12 12 12 10 10 12 12 12 12 12 12 12 10 12 10 12 12 12 12 12 12 12 12 12 12 12 10 12 12 12 12 44
44 10 12 12 10 12 12 12 10 10 10 12 12 12 12 12 12 10 10 10 12 12 12 12 12 12 12 10 12 12 10 12 12 10 12 12 10 12 12 10 12 12 12 12 12 12 10 12 12 12 12 12 12 12 12 12 12 10 10 12 12 12 12 12 12 12 10 12 12 12 10 12 10 10 10 12 12 12 12 10 12 12 12 12 12 12 12 12 12 12 10 10 12 10 10 12 12 10 10 44
44 12 12 10 12 12 12 10 12 12 12 12 10 12 12 12 10 10 10 12 12 12 12 10 10 12 12 12 12 12 12 12 12 12 12 12 10 10 12 12 10 12 12 12 12 12 10 12 12 12 12 10 12 12 12 12 12 12 12 10 10 12 12 12 10 12 10 12 12 12 12 12 12 12 12 12 12 12 12 12 12 10 12 12 12 10 12 12 12 10 12 12 12 10 12 12 12 12 10 44
44 12 12 12 12 12 12 12 12 12 10 12 12 12 12 10 12 12 10 12 12 10 10 10 10 12 12 10 10 10 12 12 10 12 12 12 12 12 12 12 12 12 10 12 10 10 12 10 10 12 12 12 12 10 12 10 10 12 12 12 12 12 12 12 10 12 10 12 12 12 12 12 12 10 12 10 12 12 10 10 12 12 10 10 12 12 12 12 10 12 10 10 10 12 12 12 12 10 12 44
44 12 12 10 12 12 12 12 12 12 10 12 12 12 10 12 10 12 12 12 12 12 12 12 12 12 12 12 10 12 12 12 12 12 10 10 12 12 12 10 12 10 12 12 12 10 10 10 12 12 12 10 12 10 10 12 10 12 12 12 12 12 12 10 12 12 12 10 12 10 12 10 12 10 12 10 12 12 10 10 12 10 12 12 10 12 12 12 12 12 10 12 10 12 10 12 12 12 10 44
44 12 10 12 10 12 12 12 10 12 12 12 10 12 12 12 12 12 12 12 12 12 12 10 12 12 12 12 12 12 12 10 10 12 12 12 12 12 12 12 10 12 10 12 12 10 10 10 10 10 10 10 12 10 12 10 12 10 12 12 10 12 12 12 12 10 12 12 10 10 12 12 10 12 12 10 12 12 10 10 12 12 12 10 10 12 10 12 12 10 12 12 12 12 12 12 10 12 10 44
44 10 12 10 12 10 10 12 10 12 12 10 10 12 12 12 10 12 10 12 10 12 12 12 10 10 10 12 12 10 10 12 12 10 10 12 10 10 10 12 12 10 12 12 12 10 12 10 10 10 12 12 12 12 12 12 12 10 12 12 12 12 12 12 12 12 10 12 12 12 12 12 12 10 12 12 10 12 12 12 10 12 12 12 12 10 12 12 12 10 10 10 12 12 12 12 12 12 12 44
44 10 12 10 12 12 10 10 10 12 10 12 12 12 10 12 12 12 12 12 12 12 12 10 12 12 10 10 12 12 12 12 12 12 10 12 10 12 10 12 12 12 12 12 12 12 12 12 12 10 12 12 12 12 12 12 12 12 10 12 10 10 10 10 12 12 12 12 12 10 10 12 12 12 12 12 10 12 10 12 12 12 12 10 10 12 12 12 10 12 12 12 12 12 10 12 12 12 12 44
44 12 12 12 10 12 12 12 12 12 10 12 12 12 10 12 12 10 12 12 12 12 12 12 12 10 10 12 12 12 12 12 10 12 12 10 12 12 12 12 10 12 10 10 12 12 10 10 12 12 10 12 12 12 12 10 12 12 12 10 10 10 10 12 12 12 12 12 12 12 12 10 12 12 10 12 12 12 12 10 12 12 12 10 12 12 10 10 12 10 10 10 10 12 10 12 12 12 12 44
44 12 12 12 10 12 10 12 12 12 10 10 12 10 10 12 10 12 10 12 12 12 12 12 12 12 12 10 12 12 10 10 12 12 10 10 10 12 12 12 12 12 12 12 12 12 12 10 12 12 12 10 12 12 12 10 12 12 12 12 12 12 12 12 10 12 12 10 12 10 12 10 10 12 12 12 12 12 12 12 10 10 10 12 12 10 12 12 12 10 12 10 10 12 12 12 12 10 12 44
44 10 10 12 12 12 12 12 12 12 10 10 10 12 12 12 12 12 12 12 10 12 12 10 12 12 12 10 12 12 12 12 12 12 12 10 12 10 12 10 10 10 10 10 12 12 10 12 12 12 12 12 10 12 12 12 10 12 12 10 12 12 10 10 12 10 12 10 12 10 12 10 12 10 12 12 12 12 12 12 12 10 12 10 10 10 10 12 10 10 10 12 12 10 10 12 12 10 12 44
44 12 12 10 12 10 12 12 10 10 12 10 12 10 12 12 12 10 12 12 12 12 12 10 10 12 10 12 10 12 12 12 10 12 10 10 10 12 12 12 10 12 12 12 12 12 12 12 12 12 12 12 12 12 10 12 10 10 10 10 10 12 12 10 12 12 12 10 10 10 12 12 10 10 12 10 12 10 10 10 12 10 12 12 12 12 12 12 12 12 12 12 10 12 12 10 10 12 12 44
44 12 12 12 10 12 10 10 10 12 12 10 12 12 10 12 12 10 10 12 12 12 10 10 12 12 12 12 12 12 12 12 10 12 10 12 10 12 10 10 12 10 10 12 12 12 12 12 12 12 10 10 12 12 12 12 12 10 12 12 12 10 12 12 12 10 12 10 12 10 10 12 12 10 12 12 12 12 12 10 12 12 12 12 12 10 10 10 12 10 12 10 12 12 12 12 12 10 12 44
44 12 12 12 12 10 12 12 12 12 12 12 10 12 12 12 12 10 12 10 12 12 12 10 12 10 12 10 12 12 10 10 10 10 12 10 12 12 12 12 12 12 12 10 12 10 12 12 12 12 12 12 12 10 12 10 10 12 12 12 12 12 12 12 12 12 10 12 10 12 10 10 10 12 10 12 12 12 12 10 12 10 10 12 10 12 12 10 12 10 12 10 12 12 10 12 10 12 12 44
44 12 10 12 12 10 12 12 12 12 12 10 10 12 10 12 12 10 12 12 12 10 12 10 12 12 12 12 12 12 12 10 12 12 12 12 12 12 10 12 12 12 12 12 12 12 12 12 12 10 12 12 12 12 10 12 12 12 12 12 12 12 12 12 12 12 12 12 12 12 12 12 10 12 10 10 12 12 10 12 12 12 12 12 12 12 12 12 12 12 12 12 12 12 12 12 10 12 10 44
44 12 12 12 12 10 12 12 12 12 10 12 12 10 12 10 10 12 12 10 12 12 12 12 10 12 12 12 12 10 12 10 12 12 12 10 12 12 12 10 10 10 12 12 12 10 10 12 12 12 12 10 10 12 12 12 10 12 12 12 10 10 12 12 10 12 12 12 10 12 12 12 12 10 12 12 12 12 10 12 12 12 12 12 12 10 12 12 12 12 10 12 12 10 10 12 12 10 10 44
44 12 10 12 12 10 10 12 12 10 12 12 10 12 12 10 12 12 10 12 12 12 12 10 12 12 12 12 12 12 12 10 10 10 12 12 10 12 12 12 12 12 12 10 12 12 10 12 12 12 12 12 12 10 10 12 10 10 12 12 10 12 12 12 12 12 12 12 12 10 12 12 10 10 12 12 12 12 10 10 12 10 10 12 12 12 12 12 12 10 12 12 12 10 12 12 10 12 12 44
44 10 12 12 10 12 12 12 12 12 12 10 12 12 12 12 12 12 10 10 12 12 12 10 12 12 12 10 10 12 10 12 12 12 12 12 10 12 12 12 12 12 12 12 12 10 12 12 12 10 10 12 12 12 10 12 10 12 12 10 12 10 12 12 12 10 10 10 10 12 12 12 12 12 12 10 12 12 10 12 10 12 12 12 12 12 12 12 12 10 12 12 10 10 12 12 12 12 12 44
44 12 12 10 12 10 12 12 12 12 12 10 12 12 12 10 10 12 10 12 12 12 12 10 12 10 12 12 12 12 12 12 10 10 12 10 12 12 12 12 12 12 12 12 12 12 10 12 10 12 10 12 12 10 12 12 12 12 12 12 12 10 12 12 10 12 12 10 12 10 12 12 12 12 10 12 12 10 12 12 12 12 10 10 12 10 10 10 12 12 12 12 12 10 10 12 10 12 12 44
44 10 12 10 12 10 12 12 12 12 12 12 12 10 12 10 10 12 10 12 12 10 10 10 12 10 10 12 12 10 12 12 12 12 12 12 12 12 12 12 12 12 12 10 12 10 12 12 12 10 12 10 12 10 12 12 12 12 10 10 12 10 12 12 10 12 12 12 10 12 12 12 12 12 10 12 12 12 12 10 12 10 12 12 10 12 10 12 12 12 10 12 12 12 10 12 12 12 12 44
44 12 12 12 12 12 10 10 12 12 10 12 10 12 12 12 12 10 10 12 12 10 10 10 12 12 10 10 10 12 12 10 12 12 12 12 10 12 12 12 12 12 12 10 12 12 10 12 10 12 12 12 12 10 12 12 12 12 10 10 12 10 10 10 12 10 10 12 10 12 12 10 12 12 10 10 12 12 12 12 10 12 12 10 10 10 12 10 12 10 12 12 10 12 12 10 12 10 10 44
44 12 12 12 10 12 12 12 10 12 12 12 12 12 10 10 12 12 10 12 10 12 12 12 10 12 10 12 12 12 12 12 12 10 12 12 10 12 12 12 12 12 10 10 12 10 10 10 12 12 12 10 10 12 12 10 10 10 12 12 10 12 12 10 10 10 12 10 10 12 12 12 12 12 12 10 12 12 12 12 12 12 10 12 12 12 12 12 12 12 10 10 12 12 12 12 12 12 12 44
44 10 10 12 12 12 12 12 12 12 10 12 12 12 12 12 12 12 12 10 10 12 12 12 12 12 10 10 10 12 12 12 12 10 10 12 10 10 12 12 12 12 12 12 12 12 10 12 12 12 12 10 12 12 12 10 12 10 12 10 12 12 12 10 12 12 12 12 12 12 12 12 12 10 10 12 10 12 12 10 12 12 12 12 10 10 10 12 12 10 10 12 12 10 12 10 12 12 12 44
44 12 10 10 10 12 12 10 12 12 12 12 12 12 12 12 10 12 10 12 10 10 12 10 12 12 12 10 12 12 12 12 12 12 12 12 12 12 12 12 12 12 12 10 12 12 12 12 10 12 10 12 12 12 12 12 12 12 10 12 12 12 12 12 12 12 12 12 10 12 12 10 10 12 12 10 10 10 12 12 12 12 12 12 12 12 10 12 12 12 10 12 12 12 12 12 12 12 12 44
44 10 10 10 12 10 12 12 10 12 12 10 12 10 12 12 12 12 12 10 12 12 12 12 12 12 12 12 12 12 12 12 12 10 12 10 12 12 10 10 12 12 12 10 12 12 12 12 12 12 12 10 12 10 12 10 10 12 12 12 12 12 12 12 12 10 12 10 12 12 12 10 12 12 12 10 12 12 10 12 10 10 10 12 12 12 10 10 12 12 12 12 10 12 12 12 12 12 10 44
44 12 10 12 12 12 10 10 12 10 10 12 12 12 10 10 12 10 12 12 12 10 12 12 10 12 12 10 12 12 12 12 12 12 12 10 10 10 12 12 12 12 12 12 12 10 12 12 12 10 10 10 12 10 12 10 10 12 12 12 12 12 12 12 10 10 12 12 10 12 12 10 12 12 12 12 10 12 12 10 12 12 10 12 10 12 12 12 12 12 12 12 12 10 12 10 12 10 12 44
44 10 12 10 10 12 12 12 10 12 10 10 12 12 12 12 12 12 10 12 12 10 10 10 12 12 12 12 12 12 12 12 12 10 12 12 12 10 10 10 12 12 12 12 10 12 12 12 12 10 12 12 12 12 12 10 10 10 12 10 12 10 12 12 12 10 12 12 10 10 10 12 12 10 12 10 12 12 10 12 10 12 10 10 12 12 12 12 12 12 12 10 12 12 12 12 12 12 12 44
44 12 12 12 12 12 10 12 10 12 10 12 10 10 12 12 12 12 10 12 12 12 10 12 12 10 12 10 12 12 12 12 12 12 12 10 10 10 12 10 12 12 12 12 10 12 12 10 12 12 10 12 10 12 12 12 10 10 12 12 12 12 10 10 12 12 12 12 12 12 12 10 12 12 10 10 12 12 10 10 12 10 12 12 12 10 12 12 10 10 10 12 12 12 12 10 10 10 12 44
44 12 12 12 12 10 12 12 12 10 12 10 12 12 12 12 12 10 12 12 10 12 12 10 12 12 10 10 10 12 10 12 12 10 12 12 12 12 12 10 10 10 12 12 12 10 10 10 12 10 12 10 12 12 12 10 12 10 12 10 10 12 10 12 12 12 12 12 12 12 10 12 12 12 12 12 10 12 10 12 12 10 10 12 12 10 12 12 10 12 12 12 12 10 12 10 12 12 12 44
44 12 12 10 10 10 12 12 12 10 12 12 10 12 12 10 10 12 12 10 12 12 10 12 12 12 12 10 12 12 12 10 12 10 12 10 12 12 10 12 10 12 12 12 10 10 12 12 10 12 12 12 12 10 12 12 10 12 12 12 12 12 10 12 12 10 10 12 12 10 12 12 12 12 10 12 12 12 12 12 12 10 12 10 12 12 12 12 12 12 10 12 12 10 10 12 12 12 10 44
44 12 10 12 12 12 12 12 12 12 12 12 12 12 12 12 12 10 10 10 10 12 12 12 12 12 10 12 10 10 12 12 12 12 12 10 12 12 12 12 12 12 12 12 12 12 12 12 12 12 10 10 12 12 10 12 10 12 10 12 12 12 12 12 12 12 12 12 12 12 12 10 12 10 12 12 12 12 12 12 10 12 12 10 12 12 10 12 10 10 12 12 10 12 10 12 12 10 12 44
44 10 12 10 12 12 12 10 12 12 12 10 10 10 12 12 12 12 12 12 12 10 12 12 12 10 10 10 10 10 12 12 12 12 12 12 10 12 12 12 12 12 12 10 12 10 12 12 12 10 12 10 10 12 10 12 10 12 12 12 12 10 12 10 12 12 10 12 10 12 12 10 12 10 12 12 12 10 10 12 12 12 10 12 12 12 12 12 12 12 10 12 12 12 10 12 10 12 12 44
44 12 12 10 12 12 12 12 10 12 12 10 12 12 12 12 12 10 10 12 12 12 10 12 12 10 12 12 12 12 12 10 10 12 10 10 10 10 10 10 12 12 12 12 10 12 10 12 10 12 12 12 12 10 12 10 12 12 12 12 12 10 10 10 12 10 12 10 10 12 10 10 12 12 12 12 12 10 12 12 10 10 10 10 12 10 12 12 12 12 12 10 12 10 12 10 10 10 12 44
44 12 10 12 12 10 10 10 10 12 10 10 10 12 12 10 12 10 12 12 10 12 10 10 10 12 12 12 10 10 12 12 10 10 10 12 12 10 12 10 10 12 10 12 12 12 12 12 12 12 12 10 12 12 12 10 12 12 12 10 12 10 10 12 12 10 10 12 12 12 10 12 10 12 12 12 12 12 12 12 12 10 12 12 12 12 12 10 10 10 12 12 12 12 12 10 12 12 12 44
44 12 12 12 12 10 12 12 12 12 12 12 12 12 12 12 12 10 12 10 10 12 12 12 12 12 10 12 10 10 12 12 12 12 12 12 12 10 12 12 10 12 12 12 12 10 12 12 12 12 12 10 10 12 10 12 10 12 10 12 10 10 12 12 10 10 10 10 12 12 10 12 12 10 12 12 12 12 12 12 12 12 10 10 10 10 10 10 12 12 10 10 12 12 10 12 10 12 12 44
44 12 12 10 12 12 10 10 12 12 12 10 12 12 12 12 12 12 12 10 12 10 10 12 10 10 10 12 12 12 10 12 12 10 12 12 12 10 12 12 12 12 12 12 10 12 10 12 12 10 12 10 12 10 10 10 12 12 10 12 12 12 12 12 12 10 10 12 12 12 12 10 10 12 12 12 10 10 10 10 12 12 10 10 12 12 10 12 10 12 10 12 10 12 10 10 12 10 12 44
44 12 12 12 12 12 10 12 12 12 10 10 10 12 10 10 10 12 12 10 12 12 12 12 10 10 12 10 12 12 10 10 12 12 10 12 10 12 12 12 12 10 12 12 12 12 12 10 12 12 10 12 10 10 12 12 10 10 12 12 12 12 12 12 10 12 10 10 10 10 12 10 12 10 12 12 12 12 10 12 12 12 12 10 10 10 12 12 10 10 10 12 12 10 10 12 12 10 12 44
44 12 12 10 12 12 10 12 12 10 12 12 12 12 12 12 12 10 10 10 12 12 10 10 10 12 12 10 12 12 12 12 12 10 10 12 12 12 12 10 12 12 10 12 10 10 12 10 10 10 12 12 10 12 10 10 12 10 12 12 10 12 12 12 12 12 10 12 10 12 10 10 12 10 10 10 12 12 12 10 10 10 12 12 10 12 10 12 12 10 12 10 12 12 10 12 12 12 12 44
44 10 10 12 10 12 12 12 10 12 12 10 12 12 12 10 12 12 12 12 12 12 10 12 12 12 10 10 10 12 12 12 12 12 10 12 10 10 12 12 10 10 12 12 12 12 10 10 12 12 12 10 10 12 12 12 10 12 12 10 10 12 12 10 10 12 12 10 12 12 12 10 12 12 12 12 12 10 12 10 12 12 12 12 10 10 10 12 12 12 12 10 10 12 10 12 10 12 10 44
44 12 12 12 12 10 12 12 12 12 12 10 12 12 12 12 12 10 12 10 12 12 12 12 12 10 12 12 12 10 12 10 10 12 12 12 12 10 12 12 12 12 12 12 10 10 12 10 12 10 12 10 12 12 10 12 12 12 10 12 12 12 12 12 10 12 12 10 10 10 12 12 12 12 10 10 10 12 12 12 12 10 12 12 12 12 12 12 12 12 12 10 12 10 12 10 12 12 12 44
44 12 12 10 12 12 10 12 12 10 12 12 12 12 12 10 10 12 10 12 12 12 12 12 12 12 12 10 10 12 12 10 12 12 12 12 12 12 12 12 12 10 12 10 10 12 12 12 12 12 10 10 12 12 10 10 12 12 10 12 10 10 12 12 12 10 12 12 12 10 12 10 12 12 10 10 12 10 12 10 12 12 12 12 10 10 12 12 10 12 12 12 12 12 10 10 12 10 12 44
44 12 10 12 10 10 12 12 10 12 12 10 10 12 12 12 12 12 10 12 12 12 12 12 12 10 12 12 12 10 12 10 12 10 12 12 12 12 10 12 12 10 12 10 10 12 12 12 12 12 12 12 10 12 12 10 12 10 10 10 10 12 12 12 10 10 10 12 12 12 10 12 12 12 10 12 10 12 12 12 12 12 12 12 12 10 12 10 10 12 12 10 10 12 10 12 12 10 12 44
44 12 12 12 10 12 10 12 12 12 12 12 12 12 12 10 12 10 10 12 12 10 12 12 12 10 10 12 10 12 10 10 12 10 12 12 12 12 12 12 10 12 12 12 12 10 12 12 12 12 12 12 10 12 10 10 12 10 10 12 12 12 12 12 10 12 12 12 12 12 12 10 10 12 12 10 10 10 10 12 12 10 12 12 12 12 12 10 12 10 12 12 10 12 10 12 12 12 10 44
44 12 12 12 12 12 12 10 12 12 12 12 12 12 12 12 12 12 12 12 12 12 12 12 12 10 12 12 12 12 12 12 12 12 12 10 12 10 10 10 12 10 10 12 12 10 12 12 12 12 10 12 12 12 10 10 12 10 10 12 10 12 10 10 12 12 12 12 12 12 12 10 10 10 10 10 10 10 10 12 10 12 12 12 12 10 12 10 12 10 10 10 10 12 12 12 10 10 10 44
44 12 10 12 12 10 12 12 12 12 12 12 12 12 12 10 12 10 12 12 12 12 12 12 12 12 12 12 10 12 12 10 12 12 10 12 12 10 12 12 10 12 12 12 12 10 12 10 12 12 10 12 10 10 12 12 12 12 12 12 12 12 12 10 12 12 12 10 10 10 12 12 12 12 12 10 12 12 12 12 12 10 12 10 12 12 12 12 10 10 12 10 10 12 12 12 12 12 10 44
44 12 12 12 10 12 12 12 12 10 10 12 12 12 12 10 12 12 12 12 10 12 10 12 12 12 12 12 12 10 12 12 12 12 12 10 12 12 12 12 12 12 12 10 12 12 12 10 12 12 12 10 12 12 12 12 10 12 12 10 12 12 12 12 12 12 12 12 12 12 12 12 12 12 10 12 12 12 12 12 12 10 12 10 12 10 10 12 12 12 10 12 12 12 12 12 12 12 12 44
44 12 12 12 12 12 12 12 10 12 10 10 10 10 12 12 12 12 12 12 12 12 10 12 12 12 12 10 12 12 10 12 12 12 10 10 12 12 12 10 12 10 10 12 10 12 12 12 10 12 12 10 12 12 12 12 12 12 10 10 10 12 10 10 12 12 10 12 12 10 12 12 12 12 12 10 10 12 12 12 12 12 12 12 10 10 12 12 10 10 12 12 10 10 12 10 12 10 12 44
44 12 12 12 10 12 12 12 12 12 12 12 12 12 12 12 12 10 12 12 10 12 12 12 10 12 10 12 12 12 12 12 12 10 12 12 10 12 12 10 10 12 12 10 12 12 10 12 12 12 12 12 12 10 10 12 10 12 12 12 10 12 12 12 12 12 10 10 10 10 12 12 12 10 10 10 10 10 12 12 12 12 10 12 12 12 12 10 12 12 12 12 12 12 10 12 10 10 12 44
44 12 10 12 12 10 12 12 12 10 10 12 12 12 12 10 12 10 12 12 10 10 12 12 10 12 12 12 12 10 12 10 10 12 10 10 10 12 12 10 10 10 12 12 10 12 12 12 12 12 10 12 10 12 12 12 10 12 12 12 10 12 10 12 12 12 12 12 12 12 12 12 12 12 12 12 12 12 10 10 12 10 10 12 12 12 10 12 10 10 10 10 12 10 12 10 12 12 10 44
44 12 12 10 12 12 10 12 10 12 12 12 10 12 12 12 12 12 10 10 12 12 12 12 12 12 12 12 10 12 12 12 12 12 12 10 12 12 12 12 12 12 10 10 12 12 12 12 12 12 10 10 10 12 12 12 12 10 12 12 12 12 10 10 12 10 10 12 10 12 12 12 12 10 12 12 10 10 12 10 12 12 12 12 12 12 12 12 10 12 12 12 10 12 12 12 12 12 12 44
44 12 10 10 12 12 10 12 10 10 10 12 12 10 12 12 10 12 12 12 12 12 10 10 10 12 12 12 12 10 10 12 12 10 10 10 10 12 10 12 12 10 12 10 12 10 12 12 12 10 12 12 10 12 12 10 12 10 12 12 12 10 10 12 12 12 10 12 12 12 10 12 12 12 10 12 12 12 10 10 10 12 12 12 12 10 12 12 12 12 10 12 12 12 10 10 10 12 12 44
44 12 12 10 10 12 10 12 12 12 12 12 12 12 10 10 10 10 12 12 10 12 12 10 10 12 12 12 12 10 10 12 12 12 10 12 10 12 12 10 12 10 10 12 12 12 12 12 12 12 12 12 10 12 12 12 12 10 12 10 12 12 12 12 10 12 10 10 12 12 12 10 12 10 10 12 12 10 12 12 12 12 12 12 12 12 12 12 12 10 12 10 12 12 10 12 10 10 12 44
44 12 12 10 10 12 10 12 12 10 12 10 12 10 10 12 12 12 12 10 10 12 10 12 10 12 12 12 12 12 10 10 12 10 12 12 10 12 10 12 10 10 12 10 12 12 10 10 12 10 12 10 12 10 12 12 12 12 12 10 12 12 12 12 10 12 12 12 12 12 12 12 12 10 10 12 10 12 12 12 10 12 12 10 12 12 12 10 12 12 10 12 10 12 12 12 10 10 12 44
44 12 10 12 12 12 12 10 12 12 12 10 12 12 10 12 12 10 12 12 10 12 10 10 12 12 10 12 12 12 12 10 12 12 12 12 10 10 10 12 10 12 12 10 12 12 12 12 10 10 10 10 12 12 12 12 12 12 12 12 10 12 12 12 10 10 12 10 10 12 12 12 12 12 12 12 10 10 10 12 12 10 10 10 12 12 12 12 10 12 12 10 12 12 12 12 12 10 12 44
44 12 12 12 12 12 12 12 12 10 12 10 12 12 10 12 12 12 12 12 10 12 10 12 12 12 10 12 12 10 12 10 12 10 12 12 10 12 10 12 12 12 12 12 10 10 12 10 12 10 12 10 10 12 12 12 12 12 12 12 12 12 10 12 12 10 12 12 10 12 12 12 12 10 12 12 10 10 10 12 12 12 12 12 12 10 12 10 10 10 12 12 10 12 12 10 12 12 12 44
44 12 12 12 12 12 12 12 10 12 12 10 12 12 10 10 12 12 12 12 12 12 10 12 10 12 12 12 12 12 12 12 12 10 10 10 12 12 10 10 10 10 12 10 12 12 12 10 12 12 10 12 10 10 12 12 12 12 10 12 12 12 12 12 10 10 12 12 12 12 12 12 12 12 12 12 12 12 10 12 12 12 12 12 12 12 12 12 12 10 12 12 12 12 12 10 10 12 12 44
44 10 10 12 12 12 12 10 12 12 12 12 10 12 12 10 10 12 12 10 12 12 12 12 12 10 12 12 12 12 10 12 12 10 10 10 12 10 12 12 12 12 10 10 10 10 12 12 12 10 12 12 10 12 12 10 10 12 12 12 12 10 10 12 10 10 12 12 12 12 10 12 12 12 12 10 12 12 12 12 12 12 12 12 10 10 12 10 12 12 12 12 12 12 10 12 12 10 12 44
44 12 10 12 12 10 12 12 10 10 12 12 12 12 10 10 10 10 12 12 12 10 12 12 12 10 10 10 10 10 12 12 12 10 12 10 12 10 10 10 12 12 12 10 10 12 12 12 12 12 10 12 12 10 12 10 12 10 10 12 12 10 10 10 10 12 12 10 12 12 10 12 12 12 10 12 10 10 10 10 12 10 12 10 12 12 10 12 12 12 12 10 12 12 10 12 12 10 12 44
44 12 12 10 12 12 10 12 10 12 10 12 12 12 10 10 12 12 12 12 10 12 10 12 10 12 10 10 12 12 12 10 12 12 12 12 10 12 12 10 12 10 12 12 12 12 12 10 12 12 10 12 12 12 12 10 10 12 10 12 10 12 10 12 12 12 12 12 10 10 12 12 12 10 12 12 12 12 12 10 10 12 12 12 12 12 12 10 12 12 10 12 12 12 12 12 10 12 10 44
44 12 10 12 12 12 10 12 12 12 10 12 12 10 10 12 10 12 12 12 10 12 10 12 12 12 10 10 10 10 10 12 10 12 12 12 12 12 10 10 12 12 12 12 12 10 12 12 12 10 12 12 10 12 12 10 12 12 12 12 10 12 12 12 12 12 10 12 10 10 12 10 12 12 12 10 10 12 12 12 10 12 12 12 10 12 10 12 10 10 12 10 12 12 12 10 12 10 12 44
44 12 10 10 12 12 12 10 10 12 10 12 12 12 10 12 12 10 10 12 12 12 10 10 12 10 10 12 12 10 12 10 12 10 12 12 12 10 12 12 10 12 12 12 10 10 12 10 12 12 10 10 10 12 12 10 12 10 12 12 12 10 12 12 12 10 12 10 10 12 12 12 10 10 12 12 12 28 29 30 31 12 12 10 12 10 10 12 12 10 10 12 12 12 12 12 12 10 10 44
44 12 12 12 12 12 12 10 12 10 10 12 12 12 12 10 12 12 12 12 12 10 12 12 12 10 12 12 10 12 12 10 12 12 10 12 12 12 10 12 12 12 12 12 12 12 12 12 10 12 10 10 12 12 12 12 12 10 10 10 12 10 10 10 10 10 12 10 12 12 12 12 10 10 12 12 12 32 33 34 35 12 12 12 10 10 12 10 12 12 12 10 10 10 12 12 10 12 12 44
44 12 10 10 12 12 12 12 12 10 12 10 10 10 12 12 10 12 12 12 12 10 10 12 10 12 10 12 12 12 10 12 10 12 12 12 12 12 12 10 12 10 12 12 12 12 12 10 10 12 12 12 10 12 12 10 12 12 12 12 10 12 12 12 10 12 12 12 12 12 12 12 12 12 10 10 12 36 37 38 39 12 10 12 12 12 12 12 12 43 10 12 12 10 10 12 12 12 12 44
44 10 12 12 12 12 12 10 12 12 12 10 10 12 10 12 12 10 10 12 12 10 12 12 10 10 10 12 12 12 10 12 12 10 12 12 12 12 12 10 12 12 12 12 10 12 12 10 10 10 12 10 12 10 12 12 12 12 10 10 12 10 12 12 12 12 12 10 12 10 10 10 12 10 12 10 10 40 41 42 43 12 12 12 12 10 10 12 12 12 12 12 10 12 12 12 10 12 10 44
44 12 12 12 10 12 12 12 10 10 10 12 10 12 10 10 10 12 12 12 12 10 12 10 12 10 12 10 10 10 12 10 12 12 12 12 12 12 10 12 12 12 12 12 12 12 10 12 12 10 10 12 12 10 12 12 12 12 10 10 10 12 12 12 12 12 10 12 10 12 10 12 12 10 10 10 10 12 12 12 10 12 12 12 12 10 12 12 12 10 10 12 12 10 10 12 10 10 10 44
44 12 12 10 12 12 12 10 10 10 12 12 10 12 12 12 12 12 12 10 10 10 10 12 10 12 12 10 10 12 12 12 10 12 12 12 12 12 12 12 10 10 12 12 12 12 12 12 12 12 10 10 12 10 12 10 12 10 12 12 12 12 10 10 12 10 12 12 10 12 12 10 10 10 28 29 30 31 12 12 28 29 30 31 10 10 10 12 12 12 12 12 12 12 10 12 12 10 12 44
44 10 10 12 12 10 12 12 10 12 12 12 12 12 12 12 12 12 12 12 12 12 12 12 12 10 10 12 12 12 12 12 12 12 10 10 12 10 12 12 12 12 12 12 12 12 12 12 12 10 12 10 12 12 10 10 10 12 12 12 10 12 12 10 12 12 12 10 12 10 12 12 10 12 32 33 34 35 12 12 32 33 34 35 12 12 12 12 10 10 12 12 12 12 10 12 10 10 12 44
44 12 10 12 12 10 12 12 10 10 12 12 10 10 12 12 10 12 10 12 12 10 12 12 12 12 10 12 12 10 12 12 12 10 10 12 10 12 12 10 12 12 12 10 10 12 12 10 10 12 10 12 12 12 12 12 12 12 12 12 12 12 12 12 12 10 12 12 12 10 12 10 12 12 36 37 38 39 10 12 36 37 38 39 12 10 12 10 12 12 12 12 12 10 12 12 12 10 12 44
44 12 10 12 12 12 10 12 12 12 12 12 12 10 12 10 10 12 10 10 10 10 10 10 10 10 12 12 12 12 12 12 10 10 10 12 12 10 12 12 10 12 10 10 12 10 10 12 12 12 10 12 12 10 10 12 12 12 12 12 12 10 12 10 12 12 12 12 10 10 12 10 12 12 40 41 42 43 12 12 40 41 42 43 10 10 12 12 10 10 12 12 10 10 10 10 12 10 10 44
44 10 12 12 12 12 10 12 12 12 10 12 10 12 12 10 12 12 12 10 12 12 12 12 12 10 12 12 12 12 12 12 12 12 12 12 12 10 12 12 10 10 12 12 12 10 10 12 12 10 10 12 12 10 12 12 12 12 12 12 12 10 12 12 10 12 10 12 12 12 12 12 12 10 10 12 10 10 12 12 10 12 12 10 10 12 10 10 10 12 12 12 12 12 12 10 12 12 10 44
44 12 10 12 10 10 12 12 12 10 12 10 12 12 10 10 12 12 10 12 12 12 12 12 10 12 12 12 12 12 12 12 10 12 12 12 10 12 12 12 10 12 12 12 10 12 12 12 12 10 12 12 12 12 12 12 12 10 12 10 12 12 12 10 12 12 12 12 12 10 12 10 12 10 10 12 12 10 10 12 10 10 12 12 10 12 12 10 12 12 10 12 12 12 12 12 10 12 12 44
44 10 10 10 12 10 12 12 10 12 12 10 10 12 10 12 12 12 12 12 10 10 12 10 10 12 12 12 12 10 12 10 12 12 12 10 12 10 12 10 10 10 12 10 10 12 12 12 12 12 12 10 12 12 12 10 10 12 12 12 12 10 12 12 12 12 12 12 10 10 10 12 12 12 10 10 10 12 10 12 10 10 10 10 10 12 12 12 12 12 12 12 12 12 12 12 10 12 12 44
44 12 12 10 10 12 12 10 10 12 12 12 12 12 12 10 10 10 12 12 10 12 10 12 10 12 12 12 12 10 12 10 12 10 12 10 10 12 12 10 12 12 12 12 12 12 12 12 10 12 12 10 10 12 12 12 12 12 12 12 12 12 10 12 12 10 12 10 12 12 12 12 12 12 12 12 12 10 10 12 12 12 12 12 12 12 12 12 12 12 12 12 10 10 12 12 12 12 10 44
44 12 12 12 12 12 10 10 10 12 12 12 10 10 10 12 10 12 12 12 12 10 12 12 12 12 12 12 12 12 12 12 12 12 12 12 12 12 12 12 10 10 12 12 12 12 12 12 12 12 10 10 12 12 10 12 12 12 12 12 12 12 12 10 12 10 12 12 10 10 12 10 12 12 12 12 12 12 10 12 10 12 12 12 12 12 10 12 12 10 12 10 12 12 12 10 12 12 12 44
44 10 12 12 12 10 12 12 12 12 12 12 12 12 10 10 12 10 12 12 12 10 10 12 12 12 12 12 12 12 12 12 12 12 10 12 12 12 10 10 10 12 12 12 10 10 12 10 10 12 12 12 12 10 12 10 10 12 10 12 10 12 10 10 10 12 10 10 12 10 12 12 12 10 10 12 12 10 12 10 10 12 12 10 12 10 12 12 20 17 17 17 21 10 12 10 12 12 12 44
44 12 12 12 10 10 12 10 10 10 10 10 10 12 12 12 12 10 12 12 12 10 10 12 12 10 12 12 10 10 12 12 12 12 12 12 12 12 12 12 12 12 12 10 10 12 12 10 12 12 12 12 10 12 10 12 10 10 10 10 12 12 12 12 12 12 12 12 12 12 12 12 12 12 12 10 10 12 12 10 12 12 10 12 10 12 20 17 27 14 14 14 26 17 17 17 21 12 12 44
44 12 10 12 12 10 12 12 12 12 12 12 12 12 12 10 10 12 10 12 12 12 12 12 10 10 10 10 12 12 10 12 10 12 12 12 10 12 10 12 10 12 10 12 12 10 12 12 12 12 12 10 12 10 12 10 12 10 12 10 12 12 10 12 10 12 12 10 12 12 10 10 12 10 10 12 10 12 12 12 12 10 12 12 10 12 22 25 14 14 14 14 14 14 14 14 26 21 10 44
44 12 12 10 12 10 12 12 12 12 12 12 12 12 12 12 12 12 12 12 12 12 12 10 12 10 12 10 12 12 12 10 12 12 12 12 12 12 12 12 10 10 12 12 10 10 12 10 10 10 12 12 10 12 12 12 10 10 12 12 10 12 12 12 12 10 12 12 12 12 10 10 10 10 12 10 12 12 12 12 10 12 12 12 10 12 10 19 14 14 14 14 14 14 14 14 14 18 10 44
44 12 10 12 10 12 10 12 12 10 10 12 12 10 12 12 12 12 12 12 12 12 12 12 10 12 12 12 12 12 12 12 12 12 12 12 12 12 10 12 12 10 12 10 12 12 10 12 12 12 12 10 12 12 10 12 12 10 12 12 12 12 12 12 10 10 12 12 10 12 12 12 12 12 12 12 10 10 10 12 12 10 10 12 10 12 20 27 14 14 14 14 14 14 14 14 14 18 12 44
44 12 12 10 12 12 12 12 12 10 10 12 10 10 12 12 12 12 10 10 10 10 10 12 12 12 12 12 12 12 12 10 12 12 12 12 12 12 12 10 10 12 12 12 12 10 12 12 12 12 12 12 12 12 12 12 10 10 12 10 12 10 12 12 10 12 12 12 12 12 12 12 12 12 12 10 10 12 12 12 10 12 10 12 12 12 19 14 14 14 14 14 14 14 14 14 14 18 10 44
44 12 12 12 12 12 12 12 12 12 12 12 12 12 12 10 10 10 12 12 12 12 12 12 10 12 10 12 10 10 12 10 12 12 12 10 12 12 10 10 10 10 12 10 10 12 12 12 12 10 12 10 10 12 12 10 10 12 12 12 12 12 10 12 10 12 10 10 10 10 10 12 12 12 12 12 12 10 12 12 12 12 12 10 12 12 19 14 14 14 14 14 14 14 14 14 14 18 12 44
44 12 12 12 12 12 12 12 12 12 10 12 12 10 12 10 12 12 10 12 12 12 12 10 10 10 12 12 10 10 10 10 10 10 10 12 10 10 12 10 12 12 12 12 10 10 10 12 12 12 10 12 12 12 12 10 12 10 10 12 12 12 10 10 10 12 12 12 10 12 12 10 12 12 10 12 12 12 12 12 10 10 10 10 12 12 19 14 14 14 14 14 14 14 14 14 14 18 12 44
44 12 12 10 10 10 12 12 12 12 10 12 10 12 10 12 12 12 12 12 12 12 12 12 10 12 10 10 12 10 10 12 12 12 12 12 12 10 10 12 10 12 12 12 12 10 12 12 12 12 12 10 12 12 10 12 10 10 10 10 10 12 12 12 12 12 10 12 12 12 12 12 10 12 12 10 10 10 12 12 10 12 12 12 10 12 22 25 14 14 14 14 14 14 14 14 14 18 12 44
44 10 12 12 10 12 10 12 12 12 10 12 10 12 12 10 12 12 12 10 12 12 10 12 12 12 12 12 10 12 12 12 12 12 10 12 12 12 12 10 12 12 10 10 12 10 10 10 12 10 10 10 12 12 10 12 12 12 12 12 12 12 10 12 10 12 10 12 10 10 10 10 12 12 12 10 12 12 12 12 12 12 12 10 12 10 12 19 14 14 14 14 14 14 14 14 24 23 12 44
44 12 12 10 12 12 10 12 12 12 10 12 12 12 12 10 10 12 10 12 12 12 10 12 12 12 12 10 12 12 10 12 12 10 10 12 10 12 12 12 12 10 12 12 10 12 10 12 12 12 12 12 12 10 12 12 10 12 12 12 12 12 12 12 12 12 10 10 12 10 10 12 12 10 10 10 10 12 12 12 10 12 10 12 12 12 12 19 14 14 14 14 14 14 14 24 23 12 12 44
44 10 10 12 10 12 10 12 12 10 12 12 12 10 12 10 10 10 12 12 12 12 10 12 12 12 12 12 12 12 12 10 12 12 12 12 10 12 12 10 12 12 10 10 10 10 12 10 12 10 12 10 12 10 12 12 12 10 12 10 12 10 10 12 10 12 10 12 10 12 10 10 10 10 10 10 12 12 12 12 10 12 12 12 10 12 10 22 25 14 14 24 16 16 16 23 12 12 12 44
44 12 12 12 10 12 12 12 12 10 10 12 12 12 10 10 10 12 12 12 12 12 12 12 12 12 12 12 12 10 10 12 12 12 10 12 10 12 10 12 12 12 12 12 12 10 12 12 12 12 12 12 10 12 12 12 12 10 12 12 12 10 12 10 12 10 12 12 10 12 12 10 10 10 12 12 12 12 12 12 12 10 10 10 12 10 10 12 22 16 16 23 12 12 12 12 10 12 12 44
44 10 12 10 12 12 10 10 12 12 12 12 10 12 12 12 12 12 12 12 12 12 12 10 12 10 12 12 12 12 12 10 12 12 12 10 12 12 12 12 10 10 10 10 12 12 10 10 12 12 12 10 10 12 12 12 12 10 10 12 10 10 12 12 12 12 12 12 12 12 12 10 10 10 10 12 12 12 12 10 10 12 12 12 12 12 12 12 10 12 12 10 12 10 12 10 12 12 12 44
44 12 10 12 12 12 12 12 10 12 10 12 12 10 12 12 12 12 12 10 12 12 10 12 12 10 10 10 12 10 12 12 12 10 12 12 10 10 12 12 12 10 10 12 12 12 12 12 12 12 10 12 12 12 12 12 10 12 10 12 12 12 12 12 12 12 12 12 12 10 10 12 10 10 12 10 12 10 10 12 12 12 12 12 12 12 12 12 10 12 12 12 12 12 12 12 12 10 10 44
44 12 12 10 12 10 10 12 10 10 10 10 10 12 12 10 10 12 12 10 12 12 12 12 10 10 12 12 10 12 10 10 12 12 12 10 12 12 12 10 10 12 10 12 10 12 12 12 10 12 12 10 12 12 12 12 12 10 12 10 12 12 10 10 10 12 12 12 12 12 10 10 12 12 12 12 12 12 10 10 12 10 10 10 12 12 12 10 12 12 12 10 12 12 12 10 10 12 12 44
44 12 10 10 12 12 12 10 12 10 12 12 12 12 12 12 12 10 12 12 12 10 12 10 10 10 12 10 12 12 10 12 10 10 12 12 10 12 12 10 10 12 12 12 12 10 12 12 10 12 12 12 12 10 12 10 10 10 12 12 10 12 10 12 12 12 12 12 12 12 12 10 12 12 12 12 12 12 10 12 10 12 10 12 12 10 10 10 12 12 12 10 12 10 12 12 12 12 10 44
44 12 12 12 12 10 10 10 10 12 10 12 12 12 10 12 10 12 12 12 12 12 12 10 10 12 12 12 12 12 12 10 12 12 12 12 10 10 12 10 12 10 10 12 12 12 10 12 12 12 12 12 12 12 10 12 12 12 10 12 12 10 12 12 10 12 12 12 12 12 12 10 10 12 12 12 12 10 12 12 12 12 10 12 10 10 12 12 12 12 12 12 12 12 12 12 12 10 10 44
44 12 12 10 12 12 10 10 12 10 12 12 12 10 10 10 12 10 12 12 12 12 12 12 12 12 10 10 10 12 12 12 10 12 12 12 12 12 12 10 10 10 12 10 10 10 12 12 10 12 12 10 10 12 10 10 10 12 10 12 10 10 12 12 10 12 12 12 12 10 10 12 12 12 12 10 12 12 12 12 12 12 12 12 10 12 12 12 12 12 12 12 10 12 10 10 12 12 10 44
44 12 12 12 12 12 12 12 12 10 12 12 10 12 10 12 10 12 12 12 12 10 10 12 10 10 12 10 12 12 10 10 12 12 10 10 10 10 12 10 12 12 12 12 12 10 12 12 12 12 12 10 12 10 12 12 12 12 10 10 12 10 12 12 10 12 12 12 12 12 10 10 12 10 12 10 12 12 12 12 12 12 10 10 10 12 12 10 10 12 12 10 12 10 10 12 12 12 10 44
44 44 44 44 44 44 44 44 44 44 44 44 44 44 44 44 44 44 44 44 44 44 44 44 44 44 44 44 44 44 44 44 44 44 44 44 44 44 44 44 44 44 44 44 44 44 44 44 44 44 44 44 44 44 44 44 44 44 44 44 44 44 44 44 44 44 44 44 44 44 44 44 44 44 44 44 44 44 44 44 44 44 44 44 44 44 44 44 44 44 44 44 44 44 44 44 44 44 44 44